9
154
-0.30248392146 -0.9515438832 -0.055386962346 0.58243009112 -0.13852360167 -0.8009908868 0.75450557733 -0.27454589802 0.59610895285
0.69975770156 0.4302645411 -0.57027325361 0.27998578175 -0.89959247605 -0.33517359541 -0.65722684146 0.074871902027 -0.74996471727
0.76266585566 0.60176376527 0.23711002385 0.61380167778 -0.55779086491 -0.55867419072 -0.20393207929 0.57162026016 -0.79477165602
0.2851155952 -0.11903306586 0.95107319729 0.78468267782 0.59881599969 -0.16028878202 -0.55043818227 0.79199149474 0.26413496504
0.79171148457 0.34067516527 -0.50708318546 -0.0023249749567 0.83174008712 0.55516035699 0.61089075922 -0.4383478747 0.65929024037
-0.87897046048 -0.014462608026 -0.4766568604 -0.24220900865 -0.84747595849 0.4723550528 -0.41078671562 0.5306367239 0.74140335953
-0.52158354281 0.84560752906 0.11357162787 -0.29677347067 -0.055010471575 -0.9533621322 -0.79992256811 -0.53096304467 0.27964643788
-0.47740835345 -0.24070749211 0.84506873525 0.8725991881 -0.24284151146 0.4237908178 0.10320814403 0.9397275688 0.32597572832
-0.87313269154 -0.47567882797 0.10662530466 0.47102099776 -0.76685975118 0.43596483996 -0.1256125895 0.43087791152 0.89362503474
0.12832290704 0.94457444656 0.30217932829 -0.12752322518 0.31788488193 -0.93951425156 -0.98349939429 0.082026317441  0.161247092
-0.61413302942 0.63798249438 -0.46456319165 -0.55805891259 -0.76728564795 -0.31597940524 -0.55804199865 0.065200240192 0.82724727647
-0.16910217365 -0.90242049182 0.39628488592 0.9063046884 0.01563257674 0.42233568914 -0.3873193342 0.4305727331 0.81522441994
0.79826475518 -0.21137885246 0.56399677425 0.52243714411 -0.22297032388 -0.8230089095 0.29972122228 0.95163186968 -0.067557187001
-0.88002796818 0.003891726037 -0.47490591666 -0.44568516564 0.33866616518 0.82865551449 0.16405946586 0.94089855087 -0.29630121267
0.26764580091 -0.7178586347 0.64268554196 0.28852009279 0.69612436441 0.65739411721 -0.91930510785 0.0094789171909 0.39343140293
-0.79992657553 0.54687826938 -0.24706604834 -0.48738770582 -0.3518733978 0.79914850693 0.35010098254 0.75967708298 0.5480146272
-0.96992668267 0.24156805129 -0.029784338927 -0.058713130106 -0.35096633319 -0.93454555872 -0.23620964968 -0.9046919418 0.35459482771
0.011109827122 0.74396260406 0.66812889138 0.65312480117 0.50054985177 -0.56822340676 -0.75716878293 0.44268441315 -0.48033940554
0.58197822982 0.48170098819 -0.65518356054 -0.73475567894 0.65673039872 -0.16982130512 0.34847587046 0.58023214439 0.73613533153
-0.69694443172 0.61687164555 0.36570183485 0.64262821428 0.76356028039 -0.063282512761 -0.31827258334 0.1909059222 -0.92857820972
0.64811073784 -0.58478151479 0.48783506583 0.66150220984 0.74968104263 0.019828280295 -0.37731591257 0.30985305271 0.87271059799
0.28244647878 -0.56246161746 0.77708488308 0.94528527186 0.025311315734 -0.32526157489 0.16327811068 0.82643588147 0.53883577497
0.29282339613 -0.95604644146 -0.015154552181 -0.595541965 -0.19475982457 0.77935767056 -0.74805362548 -0.21918898811 -0.62639600964
-0.83803829323 -0.041951518697 0.54399622164 -0.078045012373 0.99600381353 -0.043420956651 -0.54000073623 -0.078844616251 -0.83796344274
-0.2055860185 0.10614668964 -0.97286549393 -0.77341803316 0.5914832664 0.2279738835 0.59963233318 0.79929995987 -0.039504925821
-0.5046971191 -0.61063494427 -0.61025059018 -0.85604883978 0.44539470695 0.26230504938 0.11162975357 0.65478891244 -0.74752276103
-0.11631481089 0.13620862313 -0.98382827554 -0.52416769292 -0.84979282438 -0.055681103951 -0.84363445548 0.50921446034 0.17023965141
-0.23903915331 0.65086406546 -0.72058049618 -0.95810796078 -0.27866893413 0.066126852713 -0.15776380663 0.70620081665 0.69021082857
-0.0059876242287 0.99738619216 0.072006472231 -0.87420314009 0.029741178733 -0.48464866877 -0.48552344764 -0.065850178243 0.87174006207
-0.029438618522 0.94962998799 0.31198758574 0.99679018955 0.05113761079 -0.06159758741 -0.074449215923 0.30917281685 -0.94808727634
0.62322394497 -0.7812085047 -0.03612736629 0.035676850416 0.074549162651 -0.99657894052 0.78122920885 0.61980294815 0.074331882208
0.16231369418 0.96251864943 0.21728348807 0.018146579615 -0.22307807277 0.97463166124 0.98657233203 -0.15425311329 -0.053675047384
0.8655259732 -0.36497127611 -0.34301713855 -0.46613768164 -0.83753087444 -0.28505735582 -0.18324969707 0.40661775904 -0.8950315897
0.80001933261 0.44530756064 0.40208238446 -0.59669185563 0.52052964022 0.6107435821 0.062672935803 -0.72852595705 0.68214517005
0.83158698106 0.54987428694 -0.07811121229 0.063667603975 0.045332400779 0.99694102616 0.55173320466 -0.83401633197 0.0026886559718
-0.79588449743 0.23321389576 -0.55872993975 0.58411778407 0.052969918084 -0.80993864095 -0.15929306664 -0.97098170251 -0.17838232064
0.027189714454 0.76518308182 0.64323834674 -0.99375421877 -0.048977359613 0.10026849416 0.1082278712 -0.64194709248 0.75907223527
-0.21074644476 -0.8424573217 0.49583424362 -0.33814261144 -0.41308779261 -0.84558739934 0.91719436891 -0.34586722412 -0.19781393512
0.65493555271 0.70024083546 -0.2841165151 -0.085438582344 -0.30494661277 -0.94852928895 -0.75083931067 0.6455000664 -0.1398927941
-0.53647499887 -0.72505412315 -0.43184614632 0.82350065493 -0.56163954655 -0.08004805477 -0.18450270164 -0.39856936442 0.89838812038
-0.57235667501 -0.081232403589 0.81597128208 -0.79676752757 -0.18011888595 -0.57681773025 0.19382812896 -0.98028489916 0.038368905304
-0.30596041835 0.2464400502 -0.9195953045 0.88529704605 0.42894528589 -0.17959699878 0.3501961774 -0.86906457952 -0.34941292759
0.56730501954 0.77423154268 -0.28058961694 0.82010755951 -0.56208758534 0.10715006879 -0.074756977202 -0.29090043784 -0.95382824954
-0.73171865182 0.18511699862 -0.65598743235 0.23909257943 -0.8315513153 -0.50135531162 -0.63829660272 -0.52369275998 0.56420150665
-0.4429947992 -0.76822717704 0.46214998902 0.7991175098 -0.57203615724 -0.18489413281 0.40640720148 0.28740500914 0.86731283128
-0.43817615687 0.3179987841 0.84076062519 0.88755182872 0.30114222113 0.34866189066 -0.14231446481 0.89899395769 -0.41419374349
0.30149734619 0.36662566545 0.88016190083 0.9531148642 -0.14097519099 -0.26776491773 0.025911500928 0.91962580268 -0.3919400173
0.31178674844 -0.58699746879 -0.74714322264 0.88138409992 -0.11503116659 0.45818107678 -0.35489588883 -0.80137494492 0.48150504228
0.96178662109 -0.12762591183 0.24223567477 0.27023134137 0.58484987579 -0.76480431806 -0.044062655834 0.80103823218 0.59698930723
-0.40095057951 0.77851939322  0.482852138 -0.47901680305 -0.62744499636 0.6138857214 0.7808850973 0.014843548254 0.62449830575
0.81818060014 0.1006085115 -0.56609048125 0.56923821521 -0.28031451083 0.77291113937 -0.08092193708 -0.95462123506 -0.28661810422
-0.3143147839 0.49979633497 0.80709964699 -0.055110308315 0.83914784581 -0.54110419217 -0.94771782221 -0.21455655762 -0.2362126437
-0.22807938059 -0.77006166564 0.59580603158 -0.90459465679 -0.058740258295 -0.42220621615 0.36012262224 -0.63525948491 -0.68319622641
0.53312756519 0.1141689948 -0.83829615283 -0.54759785173 -0.70873790856 -0.44477766328 -0.64491208084 0.69617240508 -0.31532901926
0.89663143881 0.08277476224 -0.43497172514 -0.4426754897 0.18868478518 -0.87660507794 0.009511769613 0.97854299373 0.20582306882
-0.54234820941 0.8395168642 -0.03270862996 -0.028381468707 0.020602170924 0.99938483218 0.83967428923 0.5429428932 0.0126531711
0.58013258418 -0.80645096699 0.11438104129 -0.4381067021 -0.42732780809 -0.79085615759 0.68666491271 0.40869032564 -0.60121835916
0.21798603157 0.074982307876 -0.97306718347 -0.97579752378 -0.00098742514867 -0.21867376976 -0.017357494937 0.99718437538 0.072952305463
0.62501987535 -0.25872191203 0.73648701798 0.19898530401 -0.85950385992 -0.47080565371 0.75482117366 0.44081298417 -0.48572513707
-0.97376067067 -0.15347941353 -0.16803043141 -0.19665244756 0.93908373151 0.28186798342 0.11453371175 0.30751555218 -0.94462490653
-0.62126628721 0.64183674037 -0.449526194 0.61259920585 0.75553985395 0.23212441079 0.48862093014 -0.13116831859 -0.86258011734
-0.81277207082 -0.44688370964 0.37375996436 -0.01219481768 -0.6283669095 -0.77782151775 0.58245415899 -0.63674954033 0.5052694089
0.84172029685 -0.057166164054 0.53687891703 -0.15455631679 0.92725377347 0.3410466017 -0.5173193277 -0.3700438748 0.7716529297
0.075666576127 -0.51595998418 -0.85326424042 0.88269208822 0.43269976236 -0.18337282525 0.46382027408 -0.73929440034 0.48817470539
0.17646858164 -0.70361812645 -0.68831705763 0.32721916815 0.70145540926 -0.63315710911 0.92832454222 -0.11349819802 0.35402217919
0.53182294755 -0.56729081747 -0.62876504426 -0.79504089782 -0.078737047764 -0.60142368436 0.29167503022 0.81974484184 -0.49289356967
-0.79960805795 0.1942760637 0.56822862013 0.24598678037 -0.75723627355 0.60504853516 0.54782977059 0.62357841295 0.55770288269
-0.46403564109 0.2229805161 0.85729260654 -0.62795525317 -0.76540318384 -0.14081962285 0.62477445835 -0.60368671975 0.49519614355
-0.61166485421 0.7883798619 0.065751802024 0.43642100692 0.40558061468 -0.80314448869 -0.65985059736 -0.46255978894 -0.59214494072
0.63018471792 -0.51870382969 0.57776600659 -0.38960324615 0.43241251966 0.81315971582 -0.67162231343 -0.73754033782 0.070411065888
0.96556691736 -0.21538409382 -0.14591168641 0.24251330027 0.54217319903 0.80450949121 -0.094169141935 -0.81219327403 0.57573801188
0.011221000394 -0.20277076122 0.97916194143 -0.41531005425 0.8898232783 0.18902934228 -0.90961071233 -0.40877689734 -0.074228028484
0.43308664332 0.75720584218 -0.48895324106 -0.75766266384 0.011983288951 -0.65253635041 -0.4882450688 0.65306639276 0.57889639785
-0.92042038959 0.19472346324 0.33898241738 -0.18983178321  0.535397066 -0.82299081149 -0.34174581272 -0.82184716011 -0.45582567381
0.73149269098 -0.31233625081 -0.60610602164 -0.23227225786 0.72160500447 -0.65217774859 0.64106789131 0.61784487046 0.45530174036
0.19535271566 0.20019164739 -0.96008365302 0.29984124125 -0.94426223251 -0.135882546 -0.93377328433 -0.26132764985 -0.24448990346
-0.32282290497 -0.74799648722 0.57990225653 -0.29899914272 0.66192808574 0.68735050881 -0.89798935666 0.048502210424 -0.43733585595
0.72058873658 0.67768944714 0.14659087948 0.40809338997 -0.58545242948 0.70050356021 0.56054585697 -0.44495220648 -0.69843101032
0.077646356361 -0.99690409074 -0.012380517455 0.12429930748 -0.0026412489063 0.99224125391 -0.98920206505 -0.078582807743 0.12370940475
0.99783106954 -0.01652422655 -0.063718965798 -0.064143507462 -0.46157482608 -0.88477923256 -0.014790778071 0.88694736589 -0.46163362423
-0.19112986464 -0.94261078565 -0.27377779606 -0.14867389599 0.30350252462 -0.94116007682 0.97023989173 -0.13918018651 -0.19815001435
-0.2328050194 -0.90525863389 -0.35539925255 0.58627043275 -0.42220854831 0.69139490988 -0.77594381409 -0.047399868184 0.62901864033
0.078782328366 -0.79750974942 0.59814007082 0.41486333956 -0.51935172357 -0.74710253428 0.90646663161 0.30700486448 0.28994181995
-0.53430783482 -0.39741739213 0.74603924433 -0.75043450231 0.62923706562 -0.20225917283 -0.38905423194 -0.66792224974 -0.63444201699
0.028123782196 -0.62106508217 -0.78325424773 -0.93242665701 -0.29870036341 0.20336819365 -0.36026321234 0.72460765702 -0.58749822232
0.90744624073 0.028129778453 0.41922551897 -0.40944772917 -0.16474545481 0.8973357745 0.094307355324 -0.98593491199 -0.13797996973
-0.67091914601 -0.53346322973 -0.51505774631 0.66628153569 -0.12881091786 -0.73449075055 0.32547874694 -0.83595737329 0.44185841095
-0.82341603532 -0.56705576717 -0.020827618584 -0.48253613672 0.71905498477 -0.50011879153 0.29857144797 -0.4017557539 -0.86570630393
-0.67823731995 -0.43414005992 -0.59288830837 0.27455699906 0.59868088117 -0.7524623956 0.6816249644 -0.67312971328 -0.28685152433
0.86477214782 -0.42191631246 0.27231554791 -0.49764083674 -0.64740838381 0.57724863116 -0.067251245075 -0.63470387572 -0.76982352535
0.2538366497 0.38530568219 -0.88719022005 0.9113212292 -0.4026402369 0.0858746577 -0.32413048681 -0.83031341727 -0.45334209668
0.064739114536 -0.31449907666 0.94704761117 -0.3260761151 -0.90360970327 -0.27778385719 0.94312417751 -0.29082612492 -0.1610495292
0.77839765234 -0.60608915921 -0.16356352258 0.079300200406 -0.16352793264 0.98334637512 -0.62274278241 -0.77840512995 -0.079226767075
-0.12714295572 0.74955128887 -0.64962106968 -0.69112335616 0.40283070824 0.60006326922 0.71146551244 0.52526211157 0.46681531547
-0.15927181797 0.046332082567 -0.9861469597 0.34688934217 0.93782975596 -0.011963825834 0.92428365359 -0.34398937042 -0.16544195582
-0.39468889693 0.41354884518 0.82048645771 -0.75457315608 0.36362265666 -0.54625810354 -0.5242518734 -0.83471906424 0.16853503205
-0.55881881675 -0.80585131219 -0.19576821164 -0.45461395267 0.10024964136 0.88502890543 -0.69357601176 0.58356976622 -0.42237263626
0.59653936905 -0.79787846908 -0.086779777335 0.6676617383 0.43334276135 0.60534440973 -0.44538588256 -0.41905130922 0.79121894306
-0.92690579819 0.23552631633 -0.29218657669 0.34940299275 0.82573928857 -0.44280037937 0.13697879374 -0.51252510341 -0.84767613417
0.68295049315 0.7281533131 -0.058063555905 -0.72787791097 0.68506227799 0.02972241566 0.061419627313 0.021964241343  0.997870333
0.13344090413 -0.97618178279 -0.17106329838 0.98398483593 0.15108354817 -0.094591776214 0.11818361882 -0.15570127945 0.98070879665
0.77695749397 0.58239920436 0.23905693739 -0.27984244927 0.65964477755 -0.69753635822 -0.56393728033 0.47505782196 0.67549597308
0.56738926874 -0.54246569048 -0.61951625674 -0.36087203182 -0.84005459728 0.40506746382 -0.74016268102 -0.0062648417712 -0.67239865957
0.36687537227 0.13190157708 -0.92087156281 -0.1687031983 0.9829168899 0.073577295651 0.91484517384 0.12836028014 0.38286021781
-0.45627113408 -0.61567937698 0.64246054895 0.57604888805 0.34592446832 0.74061051896 -0.67822144671 0.70800788624 0.19682607104
0.21163453828 -0.73027450349 0.64954597356 -0.90926672464 0.096589920773 0.4048510969 -0.3583920279 -0.67629101485 -0.64357254259
0.54578255055 -0.83383996923 0.082657808069 0.66724518713 0.37281922864 -0.64481755792 0.50685823241 0.40708319601 0.75985393581
0.65788719485 0.22575322465 0.7184844608 -0.19592863843 -0.86985985202 0.4527204507 0.72718388837 -0.4386106695 -0.52803813603
-0.8766650023 -0.45275999351 0.16268639164 -0.2357472398 0.10949994179 -0.96562570475 0.4193825374 -0.88488312846 -0.20273168548
-0.17742609594 -0.96540924851 -0.19106272102 -0.82510080991 0.25174206563 -0.50580093503 0.53640342464 0.067903720626 -0.84122556473
-0.96762033423 0.053128505882 0.24675544705 0.23963364551 -0.11372677258 0.96417941128 0.079288112133 0.99209051153 0.097312960149
0.071620923812 -0.5630954678 -0.82328241656 -0.60174462805  0.633880666 -0.48589989081 0.79547083283 0.53020637059 -0.29344055394
0.96024795191 0.06871238202 0.27055956722 0.10811128391 -0.98513279584 -0.13351151583 0.25736320861 0.15745470181 -0.9534003334
0.36614292026 -0.47453579285 -0.8004718254 0.36645815625 -0.71716746559 0.59277250781 -0.85536412227 -0.51037888633 -0.088688278445
 0.954252299 0.014105328515 -0.29866969979 0.16310704791 -0.86173190948 0.48043127199 -0.25059656978 -0.50716777884 -0.82461033423
0.2059314593 0.97057953311 -0.12477020471 0.58729818627 -0.22457042393 -0.77759177279 -0.78273435754 0.086853293581 -0.61626571454
0.34472254248 0.62930535178 0.6965207412 -0.67459180961 0.68205299538 -0.28236430706 -0.65275742746 -0.3725298454 0.65964327873
-0.19746740421 -0.64248607798 -0.74041762802 -0.35493286509 -0.65718881808 0.66492519779 -0.91379936832 0.39409960288 -0.098266054459
-0.36011700454 -0.041247498118 0.93199484277 0.4337231873 0.87708666989 0.20640535435 -0.82595395746 0.47855785168 -0.29796382793
-0.81581637832 0.54408925318 0.19598602357 0.50024743636 0.49389449045 0.71121075267 0.29016571003 0.67825888633 -0.67510646853
-0.89196386727 0.43106483565 0.13632155718 -0.41512860335 -0.90032414696 0.13070835123 0.17907736363 0.059996148808 0.98200395109
0.34237686427 0.60520524997 0.71868260604 -0.66486052474 -0.38441760911 0.64045576307 0.66388143931 -0.69710093043 0.27076138449
0.45746949634 0.17069127687 0.87268903277 0.10872030905 0.96330439804 -0.24540686853 -0.88255399513 0.20714517789 0.42212476942
0.28856106674 -0.94934948793 -0.12437065785 -0.95310287598 -0.29719406358 0.057189128024 -0.091254690601 0.1020354759 -0.99058636327
-0.35121776068 0.6554725704 0.6685819277 0.63479504604 -0.35819447674 0.68464002685 0.68824511194 0.66487023267 -0.2902864785
-0.49940272164 -0.8556205913 0.13605265655 -0.80204332487 0.51596762256 0.30083869019 -0.32760254373 0.041119535634 -0.94392041885
0.24295510323 -0.1607150884 0.95663131779 -0.89289239161 -0.42245882637 0.15579382859 0.37909892485 -0.89201973094 -0.24613980742
-0.97721982791 -0.20935851068 -0.034791118759 0.2078361549 -0.91086035719 -0.35656351806 0.042959756244 -0.3556717921 0.93362306936
 0.289261414 0.05597048508 0.95561244193 -0.91214993006 0.31892706712 0.25742577755 -0.29036242777 -0.94612516648 0.14330676845
0.69728066573 0.4895275629 0.52360523141 0.44605315257 0.27547969999 -0.8515559406 -0.56110271634 0.82732925734 -0.026268644099
0.74776707465 -0.46239671322 -0.47648051553 0.51133013879 0.85882571087 -0.030982051511 0.42353971625 -0.22047149011 0.87863896499
-0.91057340531 -0.26207437409 0.31964526586 0.083963712525 0.63991297943 0.76384649881 -0.40472974751 0.72237691076 -0.56068300338
0.58061189592 -0.65928125356 0.47774266611 -0.6800453701 -0.71534327572 -0.16069316255 0.44769199337 -0.23158632642 -0.86367797962
-0.23232754234 0.8623909687 -0.44978409284 0.95746428375 0.12141608767 -0.26176378474 -0.17113169904 -0.49146714108 -0.85391685241
0.43482281842 0.62023032821 0.6528732316 0.70884402951 -0.68288855078 0.17664475379 0.55540008859 0.38597612254 -0.7365820894
-0.60897824184 -0.058241691444 -0.79104576754 -0.74738738057 -0.29184773433 0.59685593181 -0.26562681403 0.95468990009 0.13419981493
0.5342690418 0.061427623157 -0.84307961551 0.72929831095 0.47079146724 0.49646688511 0.42741146992 -0.88010342658 0.20673024428
-0.58711859393 -0.27056571221 -0.76294557607 -0.24989840619 0.95703482129 -0.14708887591 0.76996268951 0.10430026946 -0.62950687887
-0.60007807451 -0.20462032905 0.77332840723 0.15590650558 -0.978108944 -0.13782617746 0.78460146954 0.037860462454 0.61884337225
0.38432623184 0.9178577827 -0.099148566607 -0.55856617517 0.3166950611 0.76662120126 0.73504909732 -0.23925160191 0.63439853051
0.25219590286 0.7501313935 -0.611310166 0.76186478184 0.23557547205 0.60337902778 0.59662323184 -0.61790540494 -0.5120875216
-0.18922234594 0.97866170165 -0.080101045626 -0.94032306929 -0.15710432948 0.30184558141 0.28282048927 0.1324367901 0.94998582488
-0.71223753136 0.6023373054 0.36042678791 -0.69262732333 -0.51971084135 -0.50016800413 -0.11395213867 -0.6058798659 0.78735284225
-0.085618121281 0.99581886251 0.031848553798 0.76462958258 0.045180114033 0.64288440543 0.63875749604 0.07939490139 -0.76530079765
-0.011445627754 0.45076334595 0.89257011128 0.088511876951 -0.88866794632 0.44992769289 0.99600936002 0.084152760749 -0.0297265473
-0.47746707683 -0.30839915186 -0.82274853611 0.22929486888 -0.9476658373 0.2221560801 -0.84820342704 -0.082579803546 0.52319358023
-0.082518052525 0.79836985906 -0.59648666301 -0.25278158076 -0.59572161767 -0.7623760402 -0.96399805157 0.087871055452 0.25097098275
0.014238063958 -0.1038790328 0.99448802108 0.69007714415 -0.71873236175 -0.084954854461 0.72359575223 0.68748304614 0.061451188957
-0.29704068038 0.71395197998 -0.63406577299 0.4965955104 -0.4516644817 -0.74120988594 -0.81557325438 -0.53504370499 -0.22038262295
0.10582922795 0.75980717852 -0.6414773776 0.14615581108 0.62620832939 0.76583392918 0.98358459392 -0.17480325988 -0.044779090407
0.99877432736 -0.019836771227 -0.045346946034 0.012817356282 0.98858093214 -0.15014478343 0.047807513899 0.14937952711 0.9876235105
-0.79196847009 -0.60348964671 -0.092661689536 0.1190555863 -0.30149126178 0.94600675814 -0.59884197395 0.73817563316 0.31062038705
-0.2640004332 -0.13709847984 -0.95472916479 0.88676669493 -0.42386721129 -0.18434048919 -0.37940558777 -0.89528799502 0.23347549324
-0.6175402613 0.48806298152 -0.61679701016 -0.05303367099 0.75656876678 0.65176002553 0.78474929462 0.43519906617 -0.44132790234
